************************ LIST ************************ 
______________ V = 500 ___________
__________ denisty = 0.250000 _________ 
0.000000 
0.000000 
0.000000 
0.001000 
0.001000 
0.001000 
0.001000 
0.000000 
0.000000 
0.000000 
0.000000 
0.000000 
0.001000 
0.001000 
0.000000 
0.000000 
0.001000 
0.001000 
0.001000 
0.001000 
0.000000 
0.000000 
0.001000 
0.000000 
0.001000 
0.001000 
0.000000 
0.001000 
0.000000 
0.000000 
0.001000 
0.001000 
0.001000 
0.001000 
0.000000 
0.000000 
0.001000 
0.001000 
0.000000 
0.001000 
0.001000 
0.001000 
0.001000 
0.000000 
0.001000 
0.001000 
0.000000 
0.001000 
0.001000 
0.000000 
0.000000 
0.001000 
0.000000 
0.000000 
0.001000 
0.001000 
0.000000 
0.000000 
0.000000 
0.001000 
0.001000 
0.001000 
0.001000 
0.001000 
0.000000 
0.000000 
0.000000 
0.001000 
0.001000 
0.001000 
0.001000 
0.000000 
0.001000 
0.001000 
0.000000 
0.001000 
0.000000 
0.001000 
0.000000 
0.001000 
0.000000 
0.001000 
0.001000 
0.001000 
0.001000 
0.001000 
0.001000 
0.001000 
0.001000 
0.001000 
0.002000 
0.000000 
0.000000 
0.001000 
0.001000 
0.000000 
0.001000 
0.001000 
0.001000 
0.000000 

__________ denisty = 0.500000 _________ 
0.001000 
0.001000 
0.002000 
0.001000 
0.002000 
0.001000 
0.001000 
0.002000 
0.001000 
0.001000 
0.001000 
0.002000 
0.001000 
0.001000 
0.002000 
0.000000 
0.001000 
0.002000 
0.002000 
0.001000 
0.001000 
0.001000 
0.001000 
0.001000 
0.001000 
0.002000 
0.001000 
0.001000 
0.001000 
0.001000 
0.002000 
0.001000 
0.001000 
0.001000 
0.002000 
0.001000 
0.001000 
0.001000 
0.001000 
0.001000 
0.001000 
0.001000 
0.001000 
0.001000 
0.001000 
0.001000 
0.001000 
0.001000 
0.001000 
0.001000 
0.001000 
0.001000 
0.001000 
0.002000 
0.001000 
0.001000 
0.001000 
0.001000 
0.001000 
0.001000 
0.002000 
0.001000 
0.001000 
0.001000 
0.001000 
0.001000 
0.001000 
0.001000 
0.001000 
0.002000 
0.001000 
0.001000 
0.001000 
0.001000 
0.001000 
0.001000 
0.002000 
0.001000 
0.001000 
0.001000 
0.001000 
0.001000 
0.002000 
0.001000 
0.002000 
0.001000 
0.002000 
0.002000 
0.001000 
0.001000 
0.001000 
0.001000 
0.001000 
0.001000 
0.001000 
0.002000 
0.001000 
0.000000 
0.002000 
0.001000 

__________ denisty = 0.750000 _________ 
0.001000 
0.002000 
0.002000 
0.002000 
0.002000 
0.002000 
0.001000 
0.001000 
0.002000 
0.002000 
0.002000 
0.002000 
0.002000 
0.002000 
0.001000 
0.001000 
0.002000 
0.001000 
0.002000 
0.002000 
0.002000 
0.002000 
0.001000 
0.002000 
0.002000 
0.002000 
0.002000 
0.001000 
0.002000 
0.002000 
0.002000 
0.002000 
0.002000 
0.002000 
0.002000 
0.001000 
0.002000 
0.002000 
0.001000 
0.002000 
0.002000 
0.002000 
0.002000 
0.001000 
0.001000 
0.002000 
0.002000 
0.002000 
0.002000 
0.002000 
0.001000 
0.001000 
0.002000 
0.001000 
0.002000 
0.002000 
0.002000 
0.002000 
0.002000 
0.002000 
0.001000 
0.001000 
0.002000 
0.001000 
0.002000 
0.002000 
0.002000 
0.001000 
0.002000 
0.002000 
0.001000 
0.001000 
0.002000 
0.001000 
0.002000 
0.001000 
0.002000 
0.002000 
0.002000 
0.002000 
0.002000 
0.002000 
0.002000 
0.002000 
0.002000 
0.002000 
0.002000 
0.002000 
0.002000 
0.001000 
0.001000 
0.002000 
0.002000 
0.001000 
0.002000 
0.001000 
0.002000 
0.001000 
0.001000 
0.002000 

__________ denisty = 1.000000 _________ 
0.004000 
0.002000 
0.002000 
0.002000 
0.003000 
0.002000 
0.002000 
0.002000 
0.002000 
0.002000 
0.003000 
0.002000 
0.003000 
0.003000 
0.002000 
0.002000 
0.003000 
0.003000 
0.003000 
0.002000 
0.002000 
0.002000 
0.003000 
0.003000 
0.002000 
0.003000 
0.002000 
0.003000 
0.003000 
0.003000 
0.003000 
0.002000 
0.003000 
0.000000 
0.004000 
0.003000 
0.004000 
0.003000 
0.002000 
0.003000 
0.006000 
0.003000 
0.002000 
0.004000 
0.003000 
0.003000 
0.002000 
0.003000 
0.003000 
0.003000 
0.002000 
0.003000 
0.004000 
0.003000 
0.002000 
0.003000 
0.004000 
0.003000 
0.002000 
0.002000 
0.002000 
0.002000 
0.002000 
0.003000 
0.002000 
0.002000 
0.002000 
0.002000 
0.003000 
0.003000 
0.002000 
0.003000 
0.002000 
0.002000 
0.002000 
0.003000 
0.003000 
0.002000 
0.002000 
0.003000 
0.002000 
0.003000 
0.002000 
0.003000 
0.003000 
0.003000 
0.004000 
0.002000 
0.003000 
0.004000 
0.003000 
0.003000 
0.002000 
0.003000 
0.002000 
0.002000 
0.003000 
0.002000 
0.007000 
0.002000 


______________ V = 625 ___________
__________ denisty = 0.250000 _________ 
0.001000 
0.001000 
0.001000 
0.001000 
0.001000 
0.001000 
0.001000 
0.001000 
0.000000 
0.001000 
0.001000 
0.001000 
0.001000 
0.000000 
0.000000 
0.001000 
0.001000 
0.002000 
0.001000 
0.001000 
0.001000 
0.001000 
0.001000 
0.001000 
0.001000 
0.001000 
0.003000 
0.002000 
0.001000 
0.002000 
0.001000 
0.001000 
0.001000 
0.001000 
0.001000 
0.001000 
0.001000 
0.001000 
0.001000 
0.000000 
0.001000 
0.001000 
0.001000 
0.000000 
0.001000 
0.001000 
0.001000 
0.001000 
0.001000 
0.001000 
0.001000 
0.001000 
0.001000 
0.001000 
0.001000 
0.001000 
0.000000 
0.001000 
0.001000 
0.002000 
0.001000 
0.001000 
0.001000 
0.001000 
0.001000 
0.001000 
0.001000 
0.002000 
0.001000 
0.001000 
0.001000 
0.001000 
0.001000 
0.001000 
0.001000 
0.001000 
0.001000 
0.001000 
0.001000 
0.001000 
0.001000 
0.001000 
0.001000 
0.001000 
0.001000 
0.001000 
0.001000 
0.001000 
0.001000 
0.000000 
0.001000 
0.001000 
0.001000 
0.000000 
0.000000 
0.001000 
0.001000 
0.001000 
0.001000 
0.001000 

__________ denisty = 0.500000 _________ 
0.002000 
0.002000 
0.004000 
0.002000 
0.002000 
0.002000 
0.002000 
0.002000 
0.002000 
0.002000 
0.002000 
0.002000 
0.002000 
0.001000 
0.002000 
0.005000 
0.002000 
0.001000 
0.002000 
0.001000 
0.001000 
0.002000 
0.001000 
0.002000 
0.002000 
0.002000 
0.002000 
0.001000 
0.002000 
0.002000 
0.002000 
0.002000 
0.001000 
0.002000 
0.002000 
0.001000 
0.001000 
0.002000 
0.002000 
0.002000 
0.002000 
0.002000 
0.002000 
0.002000 
0.002000 
0.002000 
0.002000 
0.002000 
0.001000 
0.002000 
0.002000 
0.002000 
0.002000 
0.002000 
0.001000 
0.002000 
0.002000 
0.002000 
0.002000 
0.002000 
0.002000 
0.002000 
0.002000 
0.002000 
0.002000 
0.002000 
0.002000 
0.002000 
0.002000 
0.002000 
0.002000 
0.001000 
0.003000 
0.002000 
0.002000 
0.002000 
0.002000 
0.002000 
0.002000 
0.002000 
0.002000 
0.001000 
0.002000 
0.002000 
0.002000 
0.003000 
0.001000 
0.002000 
0.002000 
0.002000 
0.002000 
0.002000 
0.002000 
0.002000 
0.001000 
0.002000 
0.002000 
0.002000 
0.002000 
0.001000 

__________ denisty = 0.750000 _________ 
0.003000 
0.003000 
0.003000 
0.002000 
0.003000 
0.003000 
0.003000 
0.003000 
0.002000 
0.002000 
0.003000 
0.003000 
0.002000 
0.003000 
0.002000 
0.003000 
0.002000 
0.003000 
0.002000 
0.003000 
0.003000 
0.003000 
0.003000 
0.003000 
0.002000 
0.003000 
0.003000 
0.003000 
0.002000 
0.004000 
0.003000 
0.003000 
0.003000 
0.002000 
0.011000 
0.003000 
0.003000 
0.003000 
0.003000 
0.003000 
0.003000 
0.003000 
0.004000 
0.007000 
0.003000 
0.003000 
0.003000 
0.003000 
0.004000 
0.004000 
0.003000 
0.004000 
0.003000 
0.003000 
0.003000 
0.003000 
0.002000 
0.003000 
0.003000 
0.005000 
0.007000 
0.003000 
0.003000 
0.004000 
0.003000 
0.004000 
0.003000 
0.003000 
0.003000 
0.003000 
0.003000 
0.003000 
0.004000 
0.004000 
0.004000 
0.003000 
0.003000 
0.003000 
0.003000 
0.005000 
0.003000 
0.005000 
0.005000 
0.005000 
0.005000 
0.004000 
0.004000 
0.021000 
0.003000 
0.005000 
0.006000 
0.007000 
0.007000 
0.005000 
0.003000 
0.004000 
0.005000 
0.003000 
0.008000 
0.005000 

__________ denisty = 1.000000 _________ 
0.008000 
0.009000 
0.006000 
0.008000 
0.007000 
0.004000 
0.009000 
0.004000 
0.005000 
0.004000 
0.003000 
0.004000 
0.006000 
0.007000 
0.005000 
0.004000 
0.006000 
0.008000 
0.010000 
0.010000 
0.006000 
0.005000 
0.004000 
0.005000 
0.005000 
0.004000 
0.006000 
0.005000 
0.005000 
0.005000 
0.004000 
0.005000 
